200
2.83800E06
-4.73000E05 4.73000E05 0.00000E00 -1.63000E04 1.60000E24  255 255 0
-5.43613E05 5.58048E05 2.39057E04 3.54823E03 1.00000E19  255 255 0
-5.77954E05 2.50025E05 -1.88282E04 -7.43758E03 1.00000E19  255 255 0
-9.11518E04 7.24507E05 8.40358E03 -2.90586E04 1.00000E19  255 255 0
-3.89917E04 3.63627E05 -3.77339E03 -3.12733E04 1.00000E19  255 255 0
-6.84964E05 6.05124E05 1.09343E04 1.24172E03 1.00000E19  255 255 0
-5.32951E05 6.44834E05 2.28641E04 -8.32292E03 1.00000E19  255 255 0
-4.90773E05 4.85166E05 3.97619E04 4.17861E04 1.00000E19  255 255 0
-4.04783E05 5.20970E05 2.05774E04 -4.55621E04 1.00000E19  255 255 0
-4.30460E05 8.48149E05 1.67055E04 -1.81943E04 1.00000E19  255 255 0
-4.07074E05 4.01528E05 -2.43517E04 -3.87621E04 1.00000E19  255 255 0
-6.19214E05 4.44526E05 -5.11634E03 9.97271E03 1.00000E19  255 255 0
-4.92901E05 3.17163E05 -2.58534E04 -1.29984E04 1.00000E19  255 255 0
-8.79352E05 4.39915E05 -1.31296E03 -1.74260E02 1.00000E19  255 255 0
-6.33227E05 8.55264E05 1.47986E04 -1.00971E04 1.00000E19  255 255 0
-6.21630E05 2.27364E05 -1.64953E04 -6.31903E03 1.00000E19  255 255 0
-4.57543E05 6.20309E05 2.66957E04 -1.91012E04 1.00000E19  255 255 0
-1.43215E05 5.21718E05 2.61479E03 -3.40001E04 1.00000E19  255 255 0
-6.29591E05 5.44816E05 1.03757E04 6.32352E03 1.00000E19  255 255 0
-3.23383E05 6.77687E04 -1.47450E04 -2.17441E04 1.00000E19  255 255 0
-3.77825E05 7.49135E05 1.80717E04 -2.25287E04 1.00000E19  255 255 0
-5.29654E05 4.77654E05 3.54731E03 2.68834E04 1.00000E19  255 255 0
-5.13811E05 7.80623E05 1.83836E04 -1.38611E04 1.00000E19  255 255 0
-6.18369E05 4.07631E05 -1.06122E04 7.29945E03 1.00000E19  255 255 0
-4.06154E05 6.65029E05 2.16363E04 -2.38317E04 1.00000E19  255 255 0
-3.41999E05 4.19655E05 -1.03593E04 -4.17397E04 1.00000E19  255 255 0
-3.46914E05 4.77851E05 1.11815E03 -4.53608E04 1.00000E19  255 255 0
-2.14441E05 7.50256E05 1.22704E04 -2.77429E04 1.00000E19  255 255 0
-6.58357E05 6.08840E05 1.27384E04 1.08189E03 1.00000E19  255 255 0
-4.56851E05 3.34533E05 -2.74820E04 -1.95052E04 1.00000E19  255 255 0
-4.64043E05 4.50973E05 -6.20581E04 -4.15355E04 1.00000E19  255 255 0
-4.70874E05 5.03986E05 5.84800E04 -2.03130E04 1.00000E19  255 255 0
-4.51160E05 5.01670E05 4.32865E04 -4.92744E04 1.00000E19  255 255 0
-2.54432E05 3.41705E05 -1.05350E04 -3.38377E04 1.00000E19  255 255 0
-6.15257E05 4.71897E05 -2.12288E02 1.10884E04 1.00000E19  255 255 0
-5.21784E05 8.70609E05 1.62005E04 -1.43123E04 1.00000E19  255 255 0
-1.57470E05 2.60242E05 -9.36216E03 -3.01845E04 1.00000E19  255 255 0
-1.52695E05 2.41795E05 -9.61991E03 -2.96271E04 1.00000E19  255 255 0
-2.98967E05 4.23665E05 -6.62445E03 -3.96685E04 1.00000E19  255 255 0
-4.78709E05 4.24662E05 -4.65015E04 -1.08084E04 1.00000E19  255 255 0
-4.42543E05 9.26755E05 1.52844E04 -1.73259E04 1.00000E19  255 255 0
-5.53767E05 2.49164E05 -1.99201E04 -9.11219E03 1.00000E19  255 255 0
-6.12825E05 3.62944E05 -1.51467E04 2.94375E03 1.00000E19  255 255 0
-4.18476E05 1.11746E05 -1.68997E04 -1.88507E04 1.00000E19  255 255 0
-5.94643E05 2.01870E05 -1.72902E04 -8.54278E03 1.00000E19  255 255 0
-7.28970E05 3.46435E05 -8.56863E03 1.02954E03 1.00000E19  255 255 0
-7.00402E05 4.86470E05 1.27984E03 5.30650E03 1.00000E19  255 255 0
-7.17340E05 4.25458E05 -3.95462E03 4.02460E03 1.00000E19  255 255 0
-6.56312E05 1.02432E05 -1.44009E04 -9.17621E03 1.00000E19  255 255 0
-6.64681E05 5.19250E05 5.45676E03 6.31525E03 1.00000E19  255 255 0
-5.13288E05 4.07706E05 -3.17401E04 3.28433E03 1.00000E19  255 255 0
-5.89820E05 5.75994E05 1.73117E04 3.33555E03 1.00000E19  255 255 0
-1.77032E05 3.75061E05 -5.81254E03 -3.38652E04 1.00000E19  255 255 0
-7.49198E05 5.37602E05 4.41760E03 2.58702E03 1.00000E19  255 255 0
-3.48866E05 4.38056E05 -7.79507E03 -4.39909E04 1.00000E19  255 255 0
-8.80458E05 5.01464E05 1.12643E03 -1.75145E02 1.00000E19  255 255 0
-3.27760E05 4.63652E05 -1.73923E03 -4.33230E04 1.00000E19  255 255 0
-8.03505E05 4.50614E05 -1.21297E03 1.60782E03 1.00000E19  255 255 0
-7.20588E05 6.59894E05 1.11747E04 -1.49621E03 1.00000E19  255 255 0
-4.32522E05 5.08966E05 2.94877E04 -4.94870E04 1.00000E19  255 255 0
-7.85831E05 4.44202E05 -1.68957E03 2.05352E03 1.00000E19  255 255 0
-7.95120E05 7.88783E05 1.07676E04 -5.31628E03 1.00000E19  255 255 0
-4.61809E05 2.45371E04 -1.54190E04 -1.66848E04 1.00000E19  255 255 0
-6.08009E05 1.86392E05 -1.66036E04 -8.47875E03 1.00000E19  255 255 0
-3.43675E05 5.25281E05 1.03667E04 -4.19435E04 1.00000E19  255 255 0
-7.22957E05 5.09245E05 2.94982E03 4.04287E03 1.00000E19  255 255 0
-2.00678E05 5.15883E05 3.06057E03 -3.57358E04 1.00000E19  255 255 0
-7.24667E05 4.62060E05 -8.93861E02 4.26341E03 1.00000E19  255 255 0
-3.46548E05 5.79830E05 1.63859E04 -3.56956E04 1.00000E19  255 255 0
-3.46988E05 7.74561E05 1.66730E04 -2.32671E04 1.00000E19  255 255 0
-4.04822E05 3.91776E05 -2.42980E04 -3.66955E04 1.00000E19  255 255 0
-5.71414E05 2.58459E05 -1.93270E04 -7.43435E03 1.00000E19  255 255 0
-8.14666E05 7.62987E05 9.98581E03 -4.53461E03 1.00000E19  255 255 0
-6.26424E05 3.29143E05 -1.54077E04 1.32416E02 1.00000E19  255 255 0
-4.56039E05 5.32334E05 3.99842E04 -2.77297E04 1.00000E19  255 255 0
-6.49144E05 4.01503E05 -8.91114E03 5.65395E03 1.00000E19  255 255 0
-4.51722E05 5.62163E05 3.31886E04 -2.42201E04 1.00000E19  255 255 0
-1.57037E05 6.49145E05 8.36349E03 -3.13022E04 1.00000E19  255 255 0
-5.15717E05 4.02702E05 -3.07815E04 2.40468E03 1.00000E19  255 255 0
-3.95950E05 1.16961E05 -1.67288E04 -1.99203E04 1.00000E19  255 255 0
-3.88801E05 5.19837E05 1.61785E04 -4.53842E04 1.00000E19  255 255 0
-5.87513E05 3.15912E05 -1.89336E04 -2.49782E03 1.00000E19  255 255 0
-6.40755E05 6.47912E05 1.51448E04 -1.77487E03 1.00000E19  255 255 0
-2.74668E05 2.04560E05 -1.43820E04 -2.69259E04 1.00000E19  255 255 0
-2.93462E05 1.76809E05 -1.50110E04 -2.53990E04 1.00000E19  255 255 0
-8.02372E05 2.35213E05 -9.48728E03 -3.15864E03 1.00000E19  255 255 0
-5.28991E05 5.15452E05 2.35457E04 1.47553E04 1.00000E19  255 255 0
-4.82383E05 4.63795E05 -6.31024E04 4.80216E04 1.00000E19  255 255 0
-3.65318E05 5.52754E05 1.67964E04 -3.89781E04 1.00000E19  255 255 0
-8.32696E05 1.74433E05 -9.65030E03 -4.67388E03 1.00000E19  255 255 0
-1.20907E05 2.64179E05 -8.23643E03 -3.01874E04 1.00000E19  255 255 0
-6.25809E05 9.14145E05 1.42864E04 -1.13513E04 1.00000E19  255 255 0
-2.61297E05 1.55509E05 -1.39137E04 -2.55776E04 1.00000E19  255 255 0
-2.56903E05 4.49358E05 -2.40964E03 -3.83254E04 1.00000E19  255 255 0
-5.07169E05 3.46725E05 -2.75707E04 -8.83955E03 1.00000E19  255 255 0
-4.75129E05 4.26996E05 -4.80870E04 -1.40749E04 1.00000E19  255 255 0
-4.62198E05 6.37513E05 2.53876E04 -1.79669E04 1.00000E19  255 255 0
-6.38392E05 8.92333E05 1.43136E04 -1.06545E04 1.00000E19  255 255 0
-5.06917E05 1.12990E04 -1.51422E04 -1.51876E04 1.00000E19  255 255 0
-2.41935E05 8.24616E05 1.33096E04 -2.50465E04 1.00000E19  255 255 0
-4.47182E05 5.96198E05 2.84985E04 -2.22723E04 1.00000E19  255 255 0
-6.01701E05 7.76956E05 1.65578E04 -9.28908E03 1.00000E19  255 255 0
-4.63434E05 4.53310E05 -6.28022E04 -4.68113E04 1.00000E19  255 255 0
-7.40284E05 3.36148E05 -8.59171E03 4.80400E02 1.00000E19  255 255 0
-6.64759E05 8.38735E05 1.42374E04 -8.83516E03 1.00000E19  255 255 0
-3.20670E05 4.19166E04 -1.44051E04 -2.13903E04 1.00000E19  255 255 0
-5.52343E05 3.25338E05 -2.22264E04 -4.35714E03 1.00000E19  255 255 0
-6.00294E05 3.73841E05 -1.58041E04 3.98837E03 1.00000E19  255 255 0
-3.20457E05 2.19196E05 -1.62714E04 -2.60795E04 1.00000E19  255 255 0
-2.60581E05 4.25689E05 -4.81427E03 -3.79151E04 1.00000E19  255 255 0
-3.68881E05 2.76388E05 -1.93553E04 -2.65498E04 1.00000E19  255 255 0
-6.42750E05 6.83063E05 1.54611E04 -3.80598E03 1.00000E19  255 255 0
-4.35194E05 5.68559E05 2.99654E04 -2.81553E04 1.00000E19  255 255 0
-7.97447E05 6.26904E05 7.38841E03 -7.24406E02 1.00000E19  255 255 0
-4.72295E05 5.20599E05 4.73425E04 -1.70013E04 1.00000E19  255 255 0
-8.12101E05 2.28778E05 -9.33923E03 -3.33251E03 1.00000E19  255 255 0
-4.64130E05 5.60439E05 3.46686E04 -1.98167E04 1.00000E19  255 255 0
-4.01886E05 3.67362E05 -2.40146E04 -3.24662E04 1.00000E19  255 255 0
-6.13645E05 4.02839E05 -1.16318E04 7.01728E03 1.00000E19  255 255 0
-9.13189E05 5.63508E05 3.10359E03 -1.20559E03 1.00000E19  255 255 0
-2.37862E05 1.11844E05 -1.31877E04 -2.48861E04 1.00000E19  255 255 0
-3.53468E05 3.70810E05 -1.69279E04 -3.61007E04 1.00000E19  255 255 0
-5.14758E05 5.34301E05 3.13492E04 5.05504E03 1.00000E19  255 255 0
-6.38962E05 7.29198E05 1.56929E04 -6.13432E03 1.00000E19  255 255 0
-4.45682E05 4.33301E05 -3.87676E04 -4.29765E04 1.00000E19  255 255 0
-2.81283E05 3.98503E05 -8.25025E03 -3.75319E04 1.00000E19  255 255 0
-4.75991E05 4.66607E05 -1.11372E05 3.58128E04 1.00000E19  255 255 0
-6.00902E05 1.86476E05 -1.68405E04 -8.78251E03 1.00000E19  255 255 0
-5.30480E05 5.09269E05 2.11458E04 1.72120E04 1.00000E19  255 255 0
-2.39301E05 2.50405E05 -1.25416E04 -2.94672E04 1.00000E19  255 255 0
-4.14341E05 6.27983E05 2.37341E04 -2.52831E04 1.00000E19  255 255 0
-2.67372E05 4.00833E05 -7.32831E03 -3.71808E04 1.00000E19  255 255 0
-4.61513E05 9.07337E05 1.56669E04 -1.67143E04 1.00000E19  255 255 0
-6.81911E05 6.28683E04 -1.35682E04 -9.38869E03 1.00000E19  255 255 0
-3.71034E05 6.38518E05 1.99484E04 -2.85890E04 1.00000E19  255 255 0
-2.80065E05 2.80175E05 -1.39824E04 -3.02904E04 1.00000E19  255 255 0
-6.31767E05 8.98376E05 1.43634E04 -1.09390E04 1.00000E19  255 255 0
-4.08767E05 2.25327E05 -1.97688E04 -2.14270E04 1.00000E19  255 255 0
-4.38666E05 8.43130E05 1.68715E04 -1.78650E04 1.00000E19  255 255 0
-4.17436E05 1.79555E05 -1.85731E04 -1.98168E04 1.00000E19  255 255 0
-4.54990E05 4.53719E05 -4.64768E04 -5.97132E04 1.00000E19  255 255 0
-8.34774E05 3.68677E05 -4.66475E03 -1.23423E02 1.00000E19  255 255 0
-3.72914E05 6.42285E05 2.00527E04 -2.81556E04 1.00000E19  255 255 0
-6.64168E05 2.94458E05 -1.37869E04 -1.53822E03 1.00000E19  255 255 0
-2.59720E05 7.03703E05 1.35331E04 -2.88111E04 1.00000E19  255 255 0
-1.99421E05 3.45204E05 -7.95653E03 -3.33330E04 1.00000E19  255 255 0
-4.94250E05 4.96084E05 4.29086E04 2.31990E04 1.00000E19  255 255 0
-8.35174E04 4.09813E05 -2.63363E03 -3.25337E04 1.00000E19  255 255 0
-5.21376E05 1.19821E05 -1.71424E04 -1.39520E04 1.00000E19  255 255 0
-7.54320E05 3.26629E05 -8.46723E03 -2.62823E01 1.00000E19  255 255 0
-5.69718E05 6.89628E05 1.93669E04 -7.65325E03 1.00000E19  255 255 0
-4.44353E05 8.83176E05 1.60714E04 -1.74224E04 1.00000E19  255 255 0
-2.93553E05 7.06392E04 -1.42143E04 -2.26394E04 1.00000E19  255 255 0
-2.83497E05 4.79985E04 -1.38313E04 -2.24672E04 1.00000E19  255 255 0
-7.97131E04 5.47023E05 3.02057E03 -3.23483E04 1.00000E19  255 255 0
-7.05581E05 2.56021E05 -1.24951E04 -2.90642E03 1.00000E19  255 255 0
-8.30065E05 1.81572E05 -9.62163E03 -4.51133E03 1.00000E19  255 255 0
-2.84563E05 5.68308E05 1.01463E04 -3.63607E04 1.00000E19  255 255 0
-3.22336E05 8.58209E05 1.49592E04 -2.21509E04 1.00000E19  255 255 0
-4.46223E05 2.24760E05 -2.05551E04 -1.85172E04 1.00000E19  255 255 0
-5.31616E05 4.68491E05 -3.26808E03 2.61809E04 1.00000E19  255 255 0
-1.59207E05 5.01179E05 1.64615E03 -3.46310E04 1.00000E19  255 255 0
-5.29142E05 3.87623E05 -2.70023E04 1.45631E03 1.00000E19  255 255 0
-3.50514E05 5.99627E05 1.76904E04 -3.34119E04 1.00000E19  255 255 0
-5.02912E05 8.31773E05 1.71576E04 -1.48695E04 1.00000E19  255 255 0
-4.60810E05 4.96111E05 5.65280E04 -4.61155E04 1.00000E19  255 255 0
-7.21341E05 7.01186E05 1.20357E04 -3.20122E03 1.00000E19  255 255 0
-7.21400E05 8.54500E05 1.28308E04 -7.94567E03 1.00000E19  255 255 0
-5.17076E05 3.28916E05 -2.54494E04 -8.51493E03 1.00000E19  255 255 0
-1.57760E05 5.20860E05 2.74607E03 -3.43876E04 1.00000E19  255 255 0
-2.74487E05 4.88217E05 1.76957E03 -3.93845E04 1.00000E19  255 255 0
-4.82890E05 5.30784E05 4.20546E04 -9.10238E03 1.00000E19  255 255 0
-2.47948E05 6.06834E05 1.03190E04 -3.36521E04 1.00000E19  255 255 0
-6.18109E05 1.35479E05 -1.56577E04 -9.56833E03 1.00000E19  255 255 0
-6.24641E05 3.05341E04 -1.42893E04 -1.14028E04 1.00000E19  255 255 0
-7.72185E05 4.31292E05 -2.59516E03 2.31587E03 1.00000E19  255 255 0
-2.43452E05 5.79115E05 8.61999E03 -3.49467E04 1.00000E19  255 255 0
-4.92128E05 3.62794E05 -3.04336E04 -1.10178E04 1.00000E19  255 255 0
-3.49679E05 3.24273E05 -1.80920E04 -3.13016E04 1.00000E19  255 255 0
-7.14245E05 5.88534E05 8.62757E03 1.71510E03 1.00000E19  255 255 0
-3.94604E05 2.52576E04 -1.50929E04 -1.89426E04 1.00000E19  255 255 0
-4.64767E05 3.42486E05 -2.85103E04 -1.80986E04 1.00000E19  255 255 0
-3.03478E05 4.30425E05 -6.01892E03 -4.02655E04 1.00000E19  255 255 0
-4.50305E05 4.77482E05 1.31606E04 -8.29336E04 1.00000E19  255 255 0
-7.49504E05 3.11848E05 -9.19511E03 -5.23104E02 1.00000E19  255 255 0
-4.21414E05 4.04787E05 -2.81754E04 -3.76076E04 1.00000E19  255 255 0
-8.06148E05 4.28277E05 -2.37073E03 1.35983E03 1.00000E19  255 255 0
-8.54539E05 6.76632E05 7.39641E03 -2.44156E03 1.00000E19  255 255 0
-7.05703E05 4.67115E05 -5.41285E02 5.10491E03 1.00000E19  255 255 0
-2.63018E05 9.60276E04 -1.37387E04 -2.39528E04 1.00000E19  255 255 0
-1.74636E05 3.25977E05 -7.91739E03 -3.23674E04 1.00000E19  255 255 0
-7.27422E05 6.01044E05 8.70186E03 9.90522E02 1.00000E19  255 255 0
-6.60761E05 7.32975E05 1.47887E04 -5.61922E03 1.00000E19  255 255 0
-1.20488E05 6.26118E05 6.63885E03 -3.15841E04 1.00000E19  255 255 0
-4.59335E05 4.00009E05 -3.72621E04 -2.32762E04 1.00000E19  255 255 0
-5.44848E05 3.84777E05 -2.37475E04 3.03962E03 1.00000E19  255 255 0
-1.29598E05 5.45486E05 3.60144E03 -3.33617E04 1.00000E19  255 255 0
-7.40152E05 7.47793E05 1.19648E04 -4.66795E03 1.00000E19  255 255 0
-3.64995E05 2.17956E05 -1.80754E04 -2.39545E04 1.00000E19  255 255 0
-3.19329E05 8.73994E05 1.47204E04 -2.19412E04 1.00000E19  255 255 0
